S,1,2,1,1,1,1,1,1,2,1,3,0,1,-1,-1,1,-23,0,200,400,500,1000,0,0,1,3,4,5,0,200,400,500,1000,0,0,0,1,3,5,0,200,400,500,1000,0,0,1,3,4,5,0,200,400,500,1000,0,0,1,3,4,5,0,200,400,500,1000,3,3,4,4,4,5,0,200,400,500,1000,1,2,2,3,3,5,-1,0,5000,0,-1,5000,5000,0,-1
THC,0,0,0,-1,-4,0,0,0,-1,-4
FMG,0,0,0,0,0,0,0,0,0,0
AF,1,8,4,1,3,0,7,9,7,-17,-19,-21,-20,-19,-18,-20,-21,8,8,8,10,25,25,25,25,100,100,100,100,100,100,100,100,0,8,3,1,6,-5,10,150,0
AFH,1,105,0
AFA,1,1,200,200,7,1,300,200,2,1,700,350,-17,1,950,300,-3,1,1400,400,1,1,2300,1500,-15,0,3700,1000,0,1,6150,1100,-13,1,9500,2000,4,1,11800,1600,-2
AL,1,6,7,4,1,3,2,3,3,3,4,4,2,-8,-9,-13,-17,-15,-10,-10,-8,-8,-9,-9,-11,8,8,8,8,8,15,25,25,25,25,25,25,100,100,100,100,100,100,100,100,100,100,100,100,9,0,1,1,-1,10,150,0,-17,230,230,120,120,2,0,4,0,2,0,4,0,-10,-20,25,150,-1,300
ALH,1,95,0
ALA,1,1,190,180,6,1,400,300,1,1,700,350,-17,1,950,300,-3,1,1400,400,1,1,2300,1400,-15,1,3700,1000,0,1,6150,1100,-13,1,9500,2000,2,0,5500,600,-2
AHA,1,70,0
AHB,1,70,0
AHC,1,78,0
AHD,1,86,0
AHE,1,95,0

AMA,0,1,7,7,3,1,1,1,1,4,6,7,7,2,-8,-9,-13,-17,-15,-10,-10,-8,-8,-9,-9,-11,8,8,8,8,8,15,25,25,25,25,25,25,100,100,100,100,100,100,100,100,100,100,100,100,9,0,1,2,-1,10,150,0,230,230,120,120,2,0,4,0,2,0,4,0,-10,-20,25,150,-1,300
AMB,1,1,7,7,3,1,1,1,1,4,6,7,7,2,-8,-9,-13,-17,-15,-10,-10,-8,-8,-9,-9,-11,8,8,8,8,8,15,25,25,25,25,25,25,100,100,100,100,100,100,100,100,100,100,100,100,9,0,1,2,-1,10,150,0,230,230,120,120,2,0,4,0,2,0,4,0,-10,-20,25,150,-1,300
AMC,2,1,6,7,4,1,2,2,2,3,5,6,6,2,-8,-9,-13,-17,-15,-10,-10,-8,-8,-9,-9,-11,8,8,8,8,8,15,25,25,25,25,25,25,100,100,100,100,100,100,100,100,100,100,100,100,9,0,1,1,-1,10,150,0,230,230,120,120,2,0,4,0,2,0,4,0,-10,-20,25,150,-1,300
AMD,3,1,6,7,4,1,2,2,2,3,4,5,5,2,-8,-9,-13,-17,-15,-10,-10,-8,-8,-9,-9,-11,8,8,8,8,8,15,25,25,25,25,25,25,100,100,100,100,100,100,100,100,100,100,100,100,9,0,1,1,-1,10,150,0,230,230,120,120,2,0,4,0,2,0,4,0,-10,-20,25,150,-1,300
AME,4,1,6,7,4,1,3,2,3,3,3,4,4,2,-8,-9,-13,-17,-15,-10,-10,-8,-8,-9,-9,-11,8,8,8,8,8,15,25,25,25,25,25,25,100,100,100,100,100,100,100,100,100,100,100,100,9,0,1,0,-1,10,150,0,230,230,120,120,2,0,4,0,2,0,4,0,-10,-20,25,150,-1,300

APA,0,1,7,7,3,1,1,1,1,4,6,7,7,2,-8,-9,-13,-17,-15,-10,-10,-8,-8,-9,-9,-11,8,8,8,8,8,15,25,25,25,25,25,25,100,100,100,100,100,100,100,100,100,100,100,100,9,0,1,2,-2,10,150,0,230,230,120,120,2,0,4,0,2,0,4,0,-10,-20,25,150,-1,300
APB,1,1,7,7,3,1,1,1,1,4,6,7,7,2,-8,-9,-13,-17,-15,-10,-10,-8,-8,-9,-9,-11,8,8,8,8,8,15,25,25,25,25,25,25,100,100,100,100,100,100,100,100,100,100,100,100,9,0,1,2,-2,10,150,0,230,230,120,120,2,0,4,0,2,0,4,0,-10,-20,25,150,-1,300
APC,2,1,6,7,4,1,2,2,2,3,5,6,6,2,-8,-9,-13,-17,-15,-10,-10,-8,-8,-9,-9,-11,8,8,8,8,8,15,25,25,25,25,25,25,100,100,100,100,100,100,100,100,100,100,100,100,9,0,1,1,-2,10,150,0,230,230,120,120,2,0,4,0,2,0,4,0,-10,-20,25,150,-1,300
APD,3,1,6,7,4,1,2,2,2,3,4,5,5,2,-8,-9,-13,-17,-15,-10,-10,-8,-8,-9,-9,-11,8,8,8,8,8,15,25,25,25,25,25,25,100,100,100,100,100,100,100,100,100,100,100,100,9,0,1,1,-2,10,150,0,230,230,120,120,2,0,4,0,2,0,4,0,-10,-20,25,150,-1,300
APE,4,1,6,7,4,1,3,2,3,3,3,4,4,2,-9,-11,-16,-21,-18,-12,-11,-8,-8,-9,-9,-11,8,8,8,8,8,15,25,25,25,25,25,25,100,100,100,100,100,100,100,100,100,100,100,100,9,0,1,0,-2,10,150,0,230,230,120,120,2,0,4,0,2,0,4,0,-10,-20,25,150,-1,300

AVA,0,1,4,5,3,3,5,5,5,4,5,5,5,-1,-8,-9,-13,-17,-15,-10,-10,-8,-8,-9,-9,-11,8,8,8,8,8,15,25,25,25,25,25,25,100,100,100,100,100,100,100,100,100,100,100,100,10,0,1,3,-1,10,150,0,230,230,120,120,2,0,4,0,2,0,4,0,-10,-20,25,150,-1,300
AVB,1,1,4,5,3,3,5,5,5,4,5,5,5,-1,-8,-9,-13,-17,-15,-10,-10,-8,-8,-9,-9,-11,8,8,8,8,8,15,25,25,25,25,25,25,100,100,100,100,100,100,100,100,100,100,100,100,10,0,1,3,-1,10,150,0,230,230,120,120,2,0,4,0,2,0,4,0,-10,-20,25,150,-1,300
AVC,2,1,3,5,4,3,6,6,6,3,4,4,4,-1,-8,-9,-13,-17,-15,-10,-10,-8,-8,-9,-9,-11,8,8,8,8,8,15,25,25,25,25,25,25,100,100,100,100,100,100,100,100,100,100,100,100,10,0,1,2,-1,10,150,0,230,230,120,120,2,0,4,0,2,0,4,0,-10,-20,25,150,-1,300
AVD,3,1,3,5,4,3,6,6,6,3,3,3,3,-1,-8,-9,-13,-17,-15,-10,-10,-8,-8,-9,-9,-11,8,8,8,8,8,15,25,25,25,25,25,25,100,100,100,100,100,100,100,100,100,100,100,100,10,0,1,2,-1,10,150,0,230,230,120,120,2,0,4,0,2,0,4,0,-10,-20,25,150,-1,300
AVE,4,1,3,5,4,3,7,6,7,3,2,2,2,-1,-8,-9,-13,-17,-15,-10,-10,-8,-8,-9,-9,-11,8,8,8,8,8,15,25,25,25,25,25,25,100,100,100,100,100,100,100,100,100,100,100,100,10,0,1,1,-1,10,150,0,230,230,120,120,2,0,4,0,2,0,4,0,-10,-20,25,150,-1,300

AKA,0,1,4,5,3,3,5,5,5,4,5,5,5,-1,-8,-9,-13,-17,-15,-10,-10,-8,-8,-9,-9,-11,8,8,8,8,8,15,25,25,25,25,25,25,100,100,100,100,100,100,100,100,100,100,100,100,10,0,1,3,-1,10,150,0,230,230,120,120,2,0,4,0,2,0,4,0,-10,-20,25,150,-1,300
AKB,1,1,4,5,3,3,5,5,5,4,5,5,5,-1,-8,-9,-13,-17,-15,-10,-10,-8,-8,-9,-9,-11,8,8,8,8,8,15,25,25,25,25,25,25,100,100,100,100,100,100,100,100,100,100,100,100,10,0,1,3,-1,10,150,0,230,230,120,120,2,0,4,0,2,0,4,0,-10,-20,25,150,-1,300
AKC,2,1,3,5,4,3,6,6,6,3,4,4,4,-1,-8,-9,-13,-17,-15,-10,-10,-8,-8,-9,-9,-11,8,8,8,8,8,15,25,25,25,25,25,25,100,100,100,100,100,100,100,100,100,100,100,100,10,0,1,2,-1,10,150,0,230,230,120,120,2,0,4,0,2,0,4,0,-10,-20,25,150,-1,300
AKD,3,1,3,5,4,3,6,6,6,3,3,3,3,-1,-8,-9,-13,-17,-15,-10,-10,-8,-8,-9,-9,-11,8,8,8,8,8,15,25,25,25,25,25,25,100,100,100,100,100,100,100,100,100,100,100,100,10,0,1,2,-1,10,150,0,230,230,120,120,2,0,4,0,2,0,4,0,-10,-20,25,150,-1,300
AKE,4,1,3,5,4,3,7,6,7,3,2,2,2,-1,-8,-9,-13,-17,-15,-10,-10,-8,-8,-9,-9,-11,8,8,8,8,8,15,25,25,25,25,25,25,100,100,100,100,100,100,100,100,100,100,100,100,10,0,1,1,-1,10,150,0,230,230,120,120,2,0,4,0,2,0,4,0,-10,-20,25,150,-1,300

AAA,1,1,190,180,7,1,400,300,0,1,700,350,-17,1,950,300,-4,1,1400,400,0,1,2300,1400,-16,1,3700,1000,2,1,6150,1100,-13,1,9500,2000,3,0,5500,600,-2
AAB,1,1,190,180,7,1,400,300,0,1,700,350,-17,1,950,300,-4,1,1400,400,0,1,2300,1400,-16,1,3700,1000,2,1,6150,1100,-13,1,9500,2000,3,0,5500,600,-2
AAC,1,1,190,180,6,1,400,300,1,1,700,350,-17,1,950,300,-3,1,1400,400,1,1,2300,1400,-15,1,3700,1000,1,1,6150,1100,-13,1,9500,2000,2,0,5500,600,-2
AAD,1,1,190,180,6,1,400,300,1,1,700,350,-17,1,950,300,-3,1,1400,400,1,1,2300,1400,-15,1,3700,1000,1,1,6150,1100,-13,1,9500,2000,2,0,5500,600,-2
AAE,1,1,190,180,6,1,400,300,1,1,700,350,-17,1,950,300,-3,1,1400,400,1,1,2300,1400,-15,1,3700,1000,0,1,6150,1100,-13,1,9500,2000,2,0,5500,600,-2

ABA,1,1,190,180,7,1,400,300,0,1,700,350,-17,1,950,300,-4,1,1400,400,0,1,2300,1400,-16,1,3700,1000,2,1,6150,1100,-13,1,9500,2000,3,0,5500,600,-2
ABB,1,1,190,180,7,1,400,300,0,1,700,350,-17,1,950,300,-4,1,1400,400,0,1,2300,1400,-16,1,3700,1000,2,1,6150,1100,-13,1,9500,2000,3,0,5500,600,-2
ABC,1,1,190,180,6,1,400,300,0,1,700,350,-17,1,950,300,-3,1,1400,400,1,1,2300,1400,-15,1,3700,1000,1,1,6150,1100,-13,1,9500,2000,2,0,5500,600,-2
ABD,1,1,190,180,6,1,400,300,0,1,700,350,-17,1,950,300,-3,1,1400,400,1,1,2300,1400,-15,1,3700,1000,1,1,6150,1100,-13,1,9500,2000,2,0,5500,600,-2
ABE,1,1,190,180,6,1,400,300,0,1,700,350,-17,1,950,300,-3,1,1400,400,1,1,2300,1400,-15,1,3700,1000,0,1,6150,1100,-13,1,9500,2000,2,0,5500,600,-2

ACA,1,1,190,180,7,1,400,300,0,1,700,350,-17,1,950,300,-4,1,1400,400,0,1,2300,1400,-16,1,3700,1000,2,1,6150,1100,-13,1,9500,2000,3,0,5500,600,-2
ACB,1,1,190,180,7,1,400,300,0,1,700,350,-17,1,950,300,-4,1,1400,400,0,1,2300,1400,-16,1,3700,1000,2,1,6150,1100,-13,1,9500,2000,3,0,5500,600,-2
ACC,1,1,190,180,6,1,400,300,1,1,700,350,-17,1,950,300,-3,1,1400,400,1,1,2300,1400,-15,1,3700,1000,1,1,6150,1100,-13,1,9500,2000,2,0,5500,600,-2
ACD,1,1,190,180,6,1,400,300,1,1,700,350,-17,1,950,300,-3,1,1400,400,1,1,2300,1400,-15,1,3700,1000,1,1,6150,1100,-13,1,9500,2000,2,0,5500,600,-2
ACE,1,1,190,180,6,1,400,300,1,1,700,350,-17,1,950,300,-3,1,1400,400,1,1,2300,1400,-15,1,3700,1000,0,1,6150,1100,-13,1,9500,2000,2,0,5500,600,-2

ADA,1,1,190,180,7,1,400,300,0,1,700,350,-17,1,950,300,-4,1,1400,400,0,1,2300,1400,-16,1,3700,1000,2,1,6150,1100,-13,1,9500,2000,3,0,5500,600,-2
ADB,1,1,190,180,7,1,400,300,0,1,700,350,-17,1,950,300,-4,1,1400,400,0,1,2300,1400,-16,1,3700,1000,2,1,6150,1100,-13,1,9500,2000,3,0,5500,600,-2
ADC,1,1,190,180,6,1,400,300,1,1,700,350,-17,1,950,300,-3,1,1400,400,1,1,2300,1400,-15,1,3700,1000,1,1,6150,1100,-13,1,9500,2000,2,0,5500,600,-2
ADD,1,1,190,180,6,1,400,300,1,1,700,350,-17,1,950,300,-3,1,1400,400,1,1,2300,1400,-15,1,3700,1000,1,1,6150,1100,-13,1,9500,2000,2,0,5500,600,-2
ADE,1,1,190,180,6,1,400,300,1,1,700,350,-17,1,950,300,-3,1,1400,400,1,1,2300,1400,-15,1,3700,1000,0,1,6150,1100,-13,1,9500,2000,2,0,5500,600,-2

BF,1,8,4,0,0,3,6,6,8,-17,-19,-13,-14,-16,-21,-18,-18,8,8,8,10,20,20,20,20,120,120,120,120,120,120,120,120,0,8,3,1,6,-5,10,150,0
BFH,1,105,0
BFA,1,1,200,200,7,1,300,200,3,1,700,200,-12,1,920,340,-8,1,1500,800,3,1,3700,1400,-14,1,4800,600,1,1,6000,2000,3,1,8700,1000,-12,1,10300,2000,4
BL,1,6,7,1,1,1,3,2,2,3,2,3,3,-8,-8,-13,-16,-15,-10,-10,-11,-10,-9,-9,-9,10,10,10,10,10,20,20,20,20,20,20,20,120,120,120,120,120,120,120,120,120,120,120,120,8,0,1,2,-2,10,150,0,0,230,230,120,120,2,0,4,0,2,0,4,0,-10,-20,25,150,-1,300
BLH,1,95,0
BLA,1,1,190,180,6,1,350,100,2,1,700,200,-11,1,920,340,-8,1,1500,800,3,1,3700,1400,-14,1,4800,600,1,1,6000,2000,2,1,8700,1000,-12,1,10300,2000,4
BHA,1,70,0
BHB,1,70,0
BHC,1,78,0
BHD,1,86,0
BHE,1,95,0

BMA,0,1,7,7,1,1,0,2,1,2,6,5,4,6,-8,-8,-13,-16,-15,-10,-10,-11,-10,-9,-9,-9,10,10,10,10,10,20,20,20,20,20,20,20,120,120,120,120,120,120,120,120,120,120,120,120,8,0,1,2,-1,10,150,0,230,230,120,120,2,0,4,0,2,0,4,0,-10,-20,25,150,-1,300
BMB,1,1,7,7,1,1,0,2,1,2,6,5,4,6,-8,-8,-13,-16,-15,-10,-10,-11,-10,-9,-9,-9,10,10,10,10,10,20,20,20,20,20,20,20,120,120,120,120,120,120,120,120,120,120,120,120,8,0,1,2,-1,10,150,0,230,230,120,120,2,0,4,0,2,0,4,0,-10,-20,25,150,-1,300
BMC,2,1,6,7,2,0,0,3,2,2,5,4,3,5,-8,-8,-13,-16,-15,-10,-10,-11,-10,-9,-9,-9,10,10,10,10,10,20,20,20,20,20,20,20,120,120,120,120,120,120,120,120,120,120,120,120,8,0,1,1,-1,10,150,0,230,230,120,120,2,0,4,0,2,0,4,0,-10,-20,25,150,-1,300
BMD,3,1,6,7,2,0,0,3,2,2,4,3,3,4,-8,-8,-13,-16,-15,-10,-10,-11,-10,-9,-9,-9,10,10,10,10,10,20,20,20,20,20,20,20,120,120,120,120,120,120,120,120,120,120,120,120,8,0,1,1,-1,10,150,0,230,230,120,120,2,0,4,0,2,0,4,0,-10,-20,25,150,-1,300
BME,4,1,6,7,2,0,0,3,2,2,3,2,3,3,-8,-8,-13,-16,-15,-10,-10,-11,-10,-9,-9,-9,10,10,10,10,10,20,20,20,20,20,20,20,120,120,120,120,120,120,120,120,120,120,120,120,8,0,1,1,-1,10,150,0,230,230,120,120,2,0,4,0,2,0,4,0,-10,-20,25,150,-1,300

BPA,0,1,7,7,1,1,0,2,1,2,6,5,4,6,-8,-8,-13,-16,-15,-10,-10,-11,-10,-9,-9,-9,10,10,10,10,10,20,20,20,20,20,20,20,120,120,120,120,120,120,120,120,120,120,120,120,8,0,1,2,-2,10,150,0,230,230,120,120,2,0,4,0,2,0,4,0,-10,-20,25,150,-1,300
BPB,1,1,7,7,1,1,0,2,1,2,6,5,4,6,-8,-8,-13,-16,-15,-10,-10,-11,-10,-9,-9,-9,10,10,10,10,10,20,20,20,20,20,20,20,120,120,120,120,120,120,120,120,120,120,120,120,8,0,1,2,-2,10,150,0,230,230,120,120,2,0,4,0,2,0,4,0,-10,-20,25,150,-1,300
BPC,2,1,6,7,1,0,0,3,2,2,5,4,3,5,-8,-8,-13,-16,-15,-10,-10,-11,-10,-9,-9,-9,10,10,10,10,10,20,20,20,20,20,20,20,120,120,120,120,120,120,120,120,120,120,120,120,8,0,1,1,-2,10,150,0,230,230,120,120,2,0,4,0,2,0,4,0,-10,-20,25,150,-1,300
BPD,3,1,6,7,1,0,0,3,2,2,4,3,3,4,-8,-8,-13,-16,-15,-10,-10,-11,-10,-9,-9,-9,10,10,10,10,10,20,20,20,20,20,20,20,120,120,120,120,120,120,120,120,120,120,120,120,8,0,1,1,-2,10,150,0,230,230,120,120,2,0,4,0,2,0,4,0,-10,-20,25,150,-1,300
BPE,4,1,6,7,1,0,0,3,2,2,3,2,3,3,-9,-10,-17,-20,-19,-12,-11,-11,-10,-9,-9,-9,10,10,10,10,10,20,20,20,20,20,20,20,120,120,120,120,120,120,120,120,120,120,120,120,8,0,1,1,-2,10,150,0,230,230,120,120,2,0,4,0,2,0,4,0,-10,-20,25,150,-1,300

BVA,0,1,4,5,1,3,4,6,5,2,5,3,2,3,-8,-8,-13,-16,-15,-10,-10,-11,-10,-9,-9,-9,10,10,10,10,10,20,20,20,20,20,20,20,120,120,120,120,120,120,120,120,120,120,120,120,9,0,1,3,-1,10,150,0,230,230,120,120,2,0,4,0,2,0,4,0,-10,-20,25,150,-1,300
BVB,1,1,4,5,1,3,4,6,5,2,5,3,2,3,-8,-8,-13,-16,-15,-10,-10,-11,-10,-9,-9,-9,10,10,10,10,10,20,20,20,20,20,20,20,120,120,120,120,120,120,120,120,120,120,120,120,9,0,1,3,-1,10,150,0,230,230,120,120,2,0,4,0,2,0,4,0,-10,-20,25,150,-1,300
BVC,2,1,3,5,2,2,4,7,6,2,4,2,1,2,-8,-8,-13,-16,-15,-10,-10,-11,-10,-9,-9,-9,10,10,10,10,10,20,20,20,20,20,20,20,120,120,120,120,120,120,120,120,120,120,120,120,9,0,1,2,-1,10,150,0,230,230,120,120,2,0,4,0,2,0,4,0,-10,-20,25,150,-1,300
BVD,3,1,3,5,2,2,4,7,6,2,3,1,1,1,-8,-8,-13,-16,-15,-10,-10,-11,-10,-9,-9,-9,10,10,10,10,10,20,20,20,20,20,20,20,120,120,120,120,120,120,120,120,120,120,120,120,9,0,1,2,-1,10,150,0,230,230,120,120,2,0,4,0,2,0,4,0,-10,-20,25,150,-1,300
BVE,4,1,3,5,2,2,4,7,6,2,2,0,1,0,-8,-8,-13,-16,-15,-10,-10,-11,-10,-9,-9,-9,10,10,10,10,10,20,20,20,20,20,20,20,120,120,120,120,120,120,120,120,120,120,120,120,9,0,1,2,-1,10,150,0,230,230,120,120,2,0,4,0,2,0,4,0,-10,-20,25,150,-1,300

BKA,0,1,4,5,1,3,4,6,5,2,5,3,2,3,-8,-8,-13,-16,-15,-10,-10,-11,-10,-9,-9,-9,10,10,10,10,10,20,20,20,20,20,20,20,120,120,120,120,120,120,120,120,120,120,120,120,9,0,1,3,-1,10,150,0,230,230,120,120,2,0,4,0,2,0,4,0,-10,-20,25,150,-1,300
BKB,1,1,4,5,1,3,4,6,5,2,5,3,2,3,-8,-8,-13,-16,-15,-10,-10,-11,-10,-9,-9,-9,10,10,10,10,10,20,20,20,20,20,20,20,120,120,120,120,120,120,120,120,120,120,120,120,9,0,1,3,-1,10,150,0,230,230,120,120,2,0,4,0,2,0,4,0,-10,-20,25,150,-1,300
BKC,2,1,3,5,2,2,4,7,6,2,4,2,1,2,-8,-8,-13,-16,-15,-10,-10,-11,-10,-9,-9,-9,10,10,10,10,10,20,20,20,20,20,20,20,120,120,120,120,120,120,120,120,120,120,120,120,9,0,1,2,-1,10,150,0,230,230,120,120,2,0,4,0,2,0,4,0,-10,-20,25,150,-1,300
BKD,3,1,3,5,2,2,4,7,6,2,3,1,1,1,-8,-8,-13,-16,-15,-10,-10,-11,-10,-9,-9,-9,10,10,10,10,10,20,20,20,20,20,20,20,120,120,120,120,120,120,120,120,120,120,120,120,9,0,1,2,-1,10,150,0,230,230,120,120,2,0,4,0,2,0,4,0,-10,-20,25,150,-1,300
BKE,4,1,3,5,2,2,4,7,6,2,2,0,1,0,-8,-8,-13,-16,-15,-10,-10,-11,-10,-9,-9,-9,10,10,10,10,10,20,20,20,20,20,20,20,120,120,120,120,120,120,120,120,120,120,120,120,9,0,1,2,-1,10,150,0,230,230,120,120,2,0,4,0,2,0,4,0,-10,-20,25,150,-1,300

BAA,1,1,190,180,7,1,350,100,1,1,700,220,-12,1,930,340,-11,1,1500,800,1,1,3700,1200,-13,1,4600,800,2,1,6000,2000,2,1,8700,1000,-11,1,10300,2000,5
BAB,1,1,190,180,7,1,350,100,1,1,700,220,-12,1,930,340,-11,1,1500,800,1,1,3700,1200,-13,1,4600,800,2,1,6000,2000,2,1,8700,1000,-11,1,10300,2000,5
BAC,1,1,190,180,6,1,350,100,2,1,700,220,-12,1,930,340,-10,1,1500,800,2,1,3700,1300,-14,1,4700,600,1,1,6000,2000,2,1,8700,1000,-12,1,10300,2000,4
BAD,1,1,190,180,6,1,350,100,2,1,700,220,-12,1,930,340,-10,1,1500,800,2,1,3700,1300,-14,1,4700,600,1,1,6000,2000,2,1,8700,1000,-12,1,10300,2000,4
BAE,1,1,190,180,6,1,350,100,2,1,700,220,-12,1,930,340,-9,1,1500,800,3,1,3700,1400,-14,1,4800,600,1,1,6000,2000,2,1,8700,1000,-12,1,10300,2000,4

BBA,1,1,190,180,7,1,350,100,1,1,700,220,-12,1,930,340,-11,1,1500,800,1,1,3700,1200,-13,1,4600,800,2,1,6000,2000,2,1,8700,1000,-11,1,10300,2000,5
BBB,1,1,190,180,7,1,350,100,1,1,700,220,-12,1,930,340,-11,1,1500,800,1,1,3700,1200,-13,1,4600,800,2,1,6000,2000,2,1,8700,1000,-11,1,10300,2000,5
BBC,1,1,190,180,6,1,350,100,2,1,700,220,-12,1,930,340,-10,1,1500,800,2,1,3700,1300,-14,1,4700,600,1,1,6000,2000,2,1,8700,1000,-12,1,10300,2000,4
BBD,1,1,190,180,6,1,350,100,2,1,700,220,-12,1,930,340,-10,1,1500,800,2,1,3700,1300,-14,1,4700,600,1,1,6000,2000,2,1,8700,1000,-12,1,10300,2000,4
BBE,1,1,190,180,6,1,350,100,2,1,700,220,-13,1,930,340,-9,1,1500,800,3,1,3700,1400,-14,1,4800,600,1,1,6000,2000,2,1,8700,1000,-12,1,10300,2000,4

BCA,1,1,190,180,7,1,350,100,1,1,700,220,-12,1,930,340,-11,1,1500,800,1,1,3700,1200,-13,1,4600,800,2,1,6000,2000,2,1,8700,1000,-11,1,10300,2000,5
BCB,1,1,190,180,7,1,350,100,1,1,700,220,-12,1,930,340,-11,1,1500,800,1,1,3700,1200,-13,1,4600,800,2,1,6000,2000,2,1,8700,1000,-11,1,10300,2000,5
BCC,1,1,190,180,6,1,350,100,2,1,700,220,-12,1,930,340,-10,1,1500,800,2,1,3700,1300,-14,1,4700,600,1,1,6000,2000,2,1,8700,1000,-12,1,10300,2000,4
BCD,1,1,190,180,6,1,350,100,2,1,700,220,-12,1,930,340,-10,1,1500,800,2,1,3700,1300,-14,1,4700,600,1,1,6000,2000,2,1,8700,1000,-12,1,10300,2000,4
BCE,1,1,190,180,6,1,350,100,2,1,700,220,-12,1,930,340,-9,1,1500,800,3,1,3700,1400,-14,1,4800,600,1,1,6000,2000,2,1,8700,1000,-12,1,10300,2000,4

BDA,1,1,190,180,7,1,350,100,1,1,700,220,-12,1,930,340,-11,1,1500,800,1,1,3700,1200,-13,1,4600,800,2,1,6000,2000,2,1,8700,1000,-11,1,10300,2000,5
BDB,1,1,190,180,7,1,350,100,1,1,700,220,-12,1,930,340,-11,1,1500,800,1,1,3700,1200,-13,1,4600,800,2,1,6000,2000,2,1,8700,1000,-11,1,10300,2000,5
BDC,1,1,190,180,6,1,350,100,2,1,700,220,-12,1,930,340,-10,1,1500,800,2,1,3700,1300,-14,1,4700,600,1,1,6000,2000,2,1,8700,1000,-12,1,10300,2000,4
BDD,1,1,190,180,6,1,350,100,2,1,700,220,-12,1,930,340,-10,1,1500,800,2,1,3700,1300,-14,1,4700,600,1,1,6000,2000,2,1,8700,1000,-12,1,10300,2000,4
BDE,1,1,190,180,6,1,350,100,2,1,700,220,-12,1,930,340,-9,1,1500,800,3,1,3700,1400,-14,1,4800,600,1,1,6000,2000,2,1,8700,1000,-12,1,10300,2000,4

CF,1,0,0,0,0,0,0,0,0,0,0,0,0,0,0,0,0,0,0,0,0,0,0,0,0,0,0,0,0,0,0,0,0,0,0,0,1,0,0,0,0,0
CFH,1,50,0
CFA,0,0,800,200,0,0,800,200,0,0,800,200,0,0,800,200,0,0,800,200,0,0,800,200,0,0,800,200,0,0,800,200,0,0,800,200,0,0,800,200,0
CL,1,0,0,0,0,0,0,0,0,0,0,0,0,0,0,0,0,0,0,0,0,0,0,0,0,0,0,0,0,0,0,0,0,0,0,0,0,0,0,0,0,0,0,0,0,0,0,0,0,0,0,1,0,0,0,0,0,0,0,0,0,0,0,0,0,0,0,0,0,0,0,0,0,0,0,100
CLH,1,50,0
CLA,0,0,800,200,0,0,800,200,0,0,800,200,0,0,800,200,0,0,800,200,0,0,800,200,0,0,800,200,0,0,800,200,0,0,800,200,0,0,800,200,0
CHA,1,50,0
CHB,1,50,0
CHC,1,50,0
CHD,1,50,0
CHE,1,50,0

CMA,0,1,0,0,0,0,0,0,0,0,0,0,0,0,0,0,0,0,0,0,0,0,0,0,0,0,0,0,0,0,0,0,0,0,0,0,0,0,0,0,0,0,0,0,0,0,0,0,0,0,0,0,1,0,0,0,0,0,0,0,0,0,0,0,0,0,0,0,0,0,0,0,0,0,0,100
CMB,1,1,0,0,0,0,0,0,0,0,0,0,0,0,0,0,0,0,0,0,0,0,0,0,0,0,0,0,0,0,0,0,0,0,0,0,0,0,0,0,0,0,0,0,0,0,0,0,0,0,0,0,1,0,0,0,0,0,0,0,0,0,0,0,0,0,0,0,0,0,0,0,0,0,0,100
CMC,2,1,0,0,0,0,0,0,0,0,0,0,0,0,0,0,0,0,0,0,0,0,0,0,0,0,0,0,0,0,0,0,0,0,0,0,0,0,0,0,0,0,0,0,0,0,0,0,0,0,0,0,1,0,0,0,0,0,0,0,0,0,0,0,0,0,0,0,0,0,0,0,0,0,0,100
CMD,3,1,0,0,0,0,0,0,0,0,0,0,0,0,0,0,0,0,0,0,0,0,0,0,0,0,0,0,0,0,0,0,0,0,0,0,0,0,0,0,0,0,0,0,0,0,0,0,0,0,0,0,1,0,0,0,0,0,0,0,0,0,0,0,0,0,0,0,0,0,0,0,0,0,0,100
CME,4,1,0,0,0,0,0,0,0,0,0,0,0,0,0,0,0,0,0,0,0,0,0,0,0,0,0,0,0,0,0,0,0,0,0,0,0,0,0,0,0,0,0,0,0,0,0,0,0,0,0,0,1,0,0,0,0,0,0,0,0,0,0,0,0,0,0,0,0,0,0,0,0,0,0,100

CPA,0,1,0,0,0,0,0,0,0,0,0,0,0,0,0,0,0,0,0,0,0,0,0,0,0,0,0,0,0,0,0,0,0,0,0,0,0,0,0,0,0,0,0,0,0,0,0,0,0,0,0,0,1,0,0,0,0,0,0,0,0,0,0,0,0,0,0,0,0,0,0,0,0,0,0,100
CPB,1,1,0,0,0,0,0,0,0,0,0,0,0,0,0,0,0,0,0,0,0,0,0,0,0,0,0,0,0,0,0,0,0,0,0,0,0,0,0,0,0,0,0,0,0,0,0,0,0,0,0,0,1,0,0,0,0,0,0,0,0,0,0,0,0,0,0,0,0,0,0,0,0,0,0,100
CPC,2,1,0,0,0,0,0,0,0,0,0,0,0,0,0,0,0,0,0,0,0,0,0,0,0,0,0,0,0,0,0,0,0,0,0,0,0,0,0,0,0,0,0,0,0,0,0,0,0,0,0,0,1,0,0,0,0,0,0,0,0,0,0,0,0,0,0,0,0,0,0,0,0,0,0,100
CPD,3,1,0,0,0,0,0,0,0,0,0,0,0,0,0,0,0,0,0,0,0,0,0,0,0,0,0,0,0,0,0,0,0,0,0,0,0,0,0,0,0,0,0,0,0,0,0,0,0,0,0,0,1,0,0,0,0,0,0,0,0,0,0,0,0,0,0,0,0,0,0,0,0,0,0,100
CPE,4,1,0,0,0,0,0,0,0,0,0,0,0,0,0,0,0,0,0,0,0,0,0,0,0,0,0,0,0,0,0,0,0,0,0,0,0,0,0,0,0,0,0,0,0,0,0,0,0,0,0,0,1,0,0,0,0,0,0,0,0,0,0,0,0,0,0,0,0,0,0,0,0,0,0,100

CVA,0,1,0,0,0,0,0,0,0,0,0,0,0,0,0,0,0,0,0,0,0,0,0,0,0,0,0,0,0,0,0,0,0,0,0,0,0,0,0,0,0,0,0,0,0,0,0,0,0,0,0,0,1,0,0,0,0,0,0,0,0,0,0,0,0,0,0,0,0,0,0,0,0,0,0,100
CVB,1,1,0,0,0,0,0,0,0,0,0,0,0,0,0,0,0,0,0,0,0,0,0,0,0,0,0,0,0,0,0,0,0,0,0,0,0,0,0,0,0,0,0,0,0,0,0,0,0,0,0,0,1,0,0,0,0,0,0,0,0,0,0,0,0,0,0,0,0,0,0,0,0,0,0,100
CVC,2,1,0,0,0,0,0,0,0,0,0,0,0,0,0,0,0,0,0,0,0,0,0,0,0,0,0,0,0,0,0,0,0,0,0,0,0,0,0,0,0,0,0,0,0,0,0,0,0,0,0,0,1,0,0,0,0,0,0,0,0,0,0,0,0,0,0,0,0,0,0,0,0,0,0,100
CVD,3,1,0,0,0,0,0,0,0,0,0,0,0,0,0,0,0,0,0,0,0,0,0,0,0,0,0,0,0,0,0,0,0,0,0,0,0,0,0,0,0,0,0,0,0,0,0,0,0,0,0,0,1,0,0,0,0,0,0,0,0,0,0,0,0,0,0,0,0,0,0,0,0,0,0,100
CVE,4,1,0,0,0,0,0,0,0,0,0,0,0,0,0,0,0,0,0,0,0,0,0,0,0,0,0,0,0,0,0,0,0,0,0,0,0,0,0,0,0,0,0,0,0,0,0,0,0,0,0,0,1,0,0,0,0,0,0,0,0,0,0,0,0,0,0,0,0,0,0,0,0,0,0,100

CKA,0,1,0,0,0,0,0,0,0,0,0,0,0,0,0,0,0,0,0,0,0,0,0,0,0,0,0,0,0,0,0,0,0,0,0,0,0,0,0,0,0,0,0,0,0,0,0,0,0,0,0,0,1,0,0,0,0,0,0,0,0,0,0,0,0,0,0,0,0,0,0,0,0,0,0,100
CKB,1,1,0,0,0,0,0,0,0,0,0,0,0,0,0,0,0,0,0,0,0,0,0,0,0,0,0,0,0,0,0,0,0,0,0,0,0,0,0,0,0,0,0,0,0,0,0,0,0,0,0,0,1,0,0,0,0,0,0,0,0,0,0,0,0,0,0,0,0,0,0,0,0,0,0,100
CKC,2,1,0,0,0,0,0,0,0,0,0,0,0,0,0,0,0,0,0,0,0,0,0,0,0,0,0,0,0,0,0,0,0,0,0,0,0,0,0,0,0,0,0,0,0,0,0,0,0,0,0,0,1,0,0,0,0,0,0,0,0,0,0,0,0,0,0,0,0,0,0,0,0,0,0,100
CKD,3,1,0,0,0,0,0,0,0,0,0,0,0,0,0,0,0,0,0,0,0,0,0,0,0,0,0,0,0,0,0,0,0,0,0,0,0,0,0,0,0,0,0,0,0,0,0,0,0,0,0,0,1,0,0,0,0,0,0,0,0,0,0,0,0,0,0,0,0,0,0,0,0,0,0,100
CKE,4,1,0,0,0,0,0,0,0,0,0,0,0,0,0,0,0,0,0,0,0,0,0,0,0,0,0,0,0,0,0,0,0,0,0,0,0,0,0,0,0,0,0,0,0,0,0,0,0,0,0,0,1,0,0,0,0,0,0,0,0,0,0,0,0,0,0,0,0,0,0,0,0,0,0,100

CAA,0,0,800,200,0,0,800,200,0,0,800,200,0,0,800,200,0,0,800,200,0,0,800,200,0,0,800,200,0,0,800,200,0,0,800,200,0,0,800,200,0
CAB,0,0,800,200,0,0,800,200,0,0,800,200,0,0,800,200,0,0,800,200,0,0,800,200,0,0,800,200,0,0,800,200,0,0,800,200,0,0,800,200,0
CAC,0,0,800,200,0,0,800,200,0,0,800,200,0,0,800,200,0,0,800,200,0,0,800,200,0,0,800,200,0,0,800,200,0,0,800,200,0,0,800,200,0
CAD,0,0,800,200,0,0,800,200,0,0,800,200,0,0,800,200,0,0,800,200,0,0,800,200,0,0,800,200,0,0,800,200,0,0,800,200,0,0,800,200,0
CAE,0,0,800,200,0,0,800,200,0,0,800,200,0,0,800,200,0,0,800,200,0,0,800,200,0,0,800,200,0,0,800,200,0,0,800,200,0,0,800,200,0

CBA,0,0,800,200,0,0,800,200,0,0,800,200,0,0,800,200,0,0,800,200,0,0,800,200,0,0,800,200,0,0,800,200,0,0,800,200,0,0,800,200,0
CBB,0,0,800,200,0,0,800,200,0,0,800,200,0,0,800,200,0,0,800,200,0,0,800,200,0,0,800,200,0,0,800,200,0,0,800,200,0,0,800,200,0
CBC,0,0,800,200,0,0,800,200,0,0,800,200,0,0,800,200,0,0,800,200,0,0,800,200,0,0,800,200,0,0,800,200,0,0,800,200,0,0,800,200,0
CBD,0,0,800,200,0,0,800,200,0,0,800,200,0,0,800,200,0,0,800,200,0,0,800,200,0,0,800,200,0,0,800,200,0,0,800,200,0,0,800,200,0
CBE,0,0,800,200,0,0,800,200,0,0,800,200,0,0,800,200,0,0,800,200,0,0,800,200,0,0,800,200,0,0,800,200,0,0,800,200,0,0,800,200,0

CCA,0,0,800,200,0,0,800,200,0,0,800,200,0,0,800,200,0,0,800,200,0,0,800,200,0,0,800,200,0,0,800,200,0,0,800,200,0,0,800,200,0
CCB,0,0,800,200,0,0,800,200,0,0,800,200,0,0,800,200,0,0,800,200,0,0,800,200,0,0,800,200,0,0,800,200,0,0,800,200,0,0,800,200,0
CCC,0,0,800,200,0,0,800,200,0,0,800,200,0,0,800,200,0,0,800,200,0,0,800,200,0,0,800,200,0,0,800,200,0,0,800,200,0,0,800,200,0
CCD,0,0,800,200,0,0,800,200,0,0,800,200,0,0,800,200,0,0,800,200,0,0,800,200,0,0,800,200,0,0,800,200,0,0,800,200,0,0,800,200,0
CCE,0,0,800,200,0,0,800,200,0,0,800,200,0,0,800,200,0,0,800,200,0,0,800,200,0,0,800,200,0,0,800,200,0,0,800,200,0,0,800,200,0

CDA,0,0,800,200,0,0,800,200,0,0,800,200,0,0,800,200,0,0,800,200,0,0,800,200,0,0,800,200,0,0,800,200,0,0,800,200,0,0,800,200,0
CDB,0,0,800,200,0,0,800,200,0,0,800,200,0,0,800,200,0,0,800,200,0,0,800,200,0,0,800,200,0,0,800,200,0,0,800,200,0,0,800,200,0
CDC,0,0,800,200,0,0,800,200,0,0,800,200,0,0,800,200,0,0,800,200,0,0,800,200,0,0,800,200,0,0,800,200,0,0,800,200,0,0,800,200,0
CDD,0,0,800,200,0,0,800,200,0,0,800,200,0,0,800,200,0,0,800,200,0,0,800,200,0,0,800,200,0,0,800,200,0,0,800,200,0,0,800,200,0
CDE,0,0,800,200,0,0,800,200,0,0,800,200,0,0,800,200,0,0,800,200,0,0,800,200,0,0,800,200,0,0,800,200,0,0,800,200,0,0,800,200,0

DF,1,0,0,0,0,0,0,0,0,0,0,0,0,0,0,0,0,0,0,0,0,0,0,0,0,0,0,0,0,0,0,0,0,0,0,0,1,0,0,0,0,0
DFH,1,50,0
DFA,0,0,800,200,0,0,800,200,0,0,800,200,0,0,800,200,0,0,800,200,0,0,800,200,0,0,800,200,0,0,800,200,0,0,800,200,0,0,800,200,0
DL,1,0,0,0,0,0,0,0,0,0,0,0,0,0,0,0,0,0,0,0,0,0,0,0,0,0,0,0,0,0,0,0,0,0,0,0,0,0,0,0,0,0,0,0,0,0,0,0,0,0,0,1,0,0,0,0,0,0,0,0,0,0,0,0,0,0,0,0,0,0,0,0,0,0,0,100
DLH,1,50,0
DLA,0,0,800,200,0,0,800,200,0,0,800,200,0,0,800,200,0,0,800,200,0,0,800,200,0,0,800,200,0,0,800,200,0,0,800,200,0,0,800,200,0
DHA,1,50,0
DHB,1,50,0
DHC,1,50,0
DHD,1,50,0
DHE,1,50,0

DMA,0,1,0,0,0,0,0,0,0,0,0,0,0,0,0,0,0,0,0,0,0,0,0,0,0,0,0,0,0,0,0,0,0,0,0,0,0,0,0,0,0,0,0,0,0,0,0,0,0,0,0,0,1,0,0,0,0,0,0,0,0,0,0,0,0,0,0,0,0,0,0,0,0,0,0,100
DMB,1,1,0,0,0,0,0,0,0,0,0,0,0,0,0,0,0,0,0,0,0,0,0,0,0,0,0,0,0,0,0,0,0,0,0,0,0,0,0,0,0,0,0,0,0,0,0,0,0,0,0,0,1,0,0,0,0,0,0,0,0,0,0,0,0,0,0,0,0,0,0,0,0,0,0,100
DMC,2,1,0,0,0,0,0,0,0,0,0,0,0,0,0,0,0,0,0,0,0,0,0,0,0,0,0,0,0,0,0,0,0,0,0,0,0,0,0,0,0,0,0,0,0,0,0,0,0,0,0,0,1,0,0,0,0,0,0,0,0,0,0,0,0,0,0,0,0,0,0,0,0,0,0,100
DMD,3,1,0,0,0,0,0,0,0,0,0,0,0,0,0,0,0,0,0,0,0,0,0,0,0,0,0,0,0,0,0,0,0,0,0,0,0,0,0,0,0,0,0,0,0,0,0,0,0,0,0,0,1,0,0,0,0,0,0,0,0,0,0,0,0,0,0,0,0,0,0,0,0,0,0,100
DME,4,1,0,0,0,0,0,0,0,0,0,0,0,0,0,0,0,0,0,0,0,0,0,0,0,0,0,0,0,0,0,0,0,0,0,0,0,0,0,0,0,0,0,0,0,0,0,0,0,0,0,0,1,0,0,0,0,0,0,0,0,0,0,0,0,0,0,0,0,0,0,0,0,0,0,100

DPA,0,1,0,0,0,0,0,0,0,0,0,0,0,0,0,0,0,0,0,0,0,0,0,0,0,0,0,0,0,0,0,0,0,0,0,0,0,0,0,0,0,0,0,0,0,0,0,0,0,0,0,0,1,0,0,0,0,0,0,0,0,0,0,0,0,0,0,0,0,0,0,0,0,0,0,100
DPB,1,1,0,0,0,0,0,0,0,0,0,0,0,0,0,0,0,0,0,0,0,0,0,0,0,0,0,0,0,0,0,0,0,0,0,0,0,0,0,0,0,0,0,0,0,0,0,0,0,0,0,0,1,0,0,0,0,0,0,0,0,0,0,0,0,0,0,0,0,0,0,0,0,0,0,100
DPC,2,1,0,0,0,0,0,0,0,0,0,0,0,0,0,0,0,0,0,0,0,0,0,0,0,0,0,0,0,0,0,0,0,0,0,0,0,0,0,0,0,0,0,0,0,0,0,0,0,0,0,0,1,0,0,0,0,0,0,0,0,0,0,0,0,0,0,0,0,0,0,0,0,0,0,100
DPD,3,1,0,0,0,0,0,0,0,0,0,0,0,0,0,0,0,0,0,0,0,0,0,0,0,0,0,0,0,0,0,0,0,0,0,0,0,0,0,0,0,0,0,0,0,0,0,0,0,0,0,0,1,0,0,0,0,0,0,0,0,0,0,0,0,0,0,0,0,0,0,0,0,0,0,100
DPE,4,1,0,0,0,0,0,0,0,0,0,0,0,0,0,0,0,0,0,0,0,0,0,0,0,0,0,0,0,0,0,0,0,0,0,0,0,0,0,0,0,0,0,0,0,0,0,0,0,0,0,0,1,0,0,0,0,0,0,0,0,0,0,0,0,0,0,0,0,0,0,0,0,0,0,100

DVA,0,1,0,0,0,0,0,0,0,0,0,0,0,0,0,0,0,0,0,0,0,0,0,0,0,0,0,0,0,0,0,0,0,0,0,0,0,0,0,0,0,0,0,0,0,0,0,0,0,0,0,0,1,0,0,0,0,0,0,0,0,0,0,0,0,0,0,0,0,0,0,0,0,0,0,100
DVB,1,1,0,0,0,0,0,0,0,0,0,0,0,0,0,0,0,0,0,0,0,0,0,0,0,0,0,0,0,0,0,0,0,0,0,0,0,0,0,0,0,0,0,0,0,0,0,0,0,0,0,0,1,0,0,0,0,0,0,0,0,0,0,0,0,0,0,0,0,0,0,0,0,0,0,100
DVC,2,1,0,0,0,0,0,0,0,0,0,0,0,0,0,0,0,0,0,0,0,0,0,0,0,0,0,0,0,0,0,0,0,0,0,0,0,0,0,0,0,0,0,0,0,0,0,0,0,0,0,0,1,0,0,0,0,0,0,0,0,0,0,0,0,0,0,0,0,0,0,0,0,0,0,100
DVD,3,1,0,0,0,0,0,0,0,0,0,0,0,0,0,0,0,0,0,0,0,0,0,0,0,0,0,0,0,0,0,0,0,0,0,0,0,0,0,0,0,0,0,0,0,0,0,0,0,0,0,0,1,0,0,0,0,0,0,0,0,0,0,0,0,0,0,0,0,0,0,0,0,0,0,100
DVE,4,1,0,0,0,0,0,0,0,0,0,0,0,0,0,0,0,0,0,0,0,0,0,0,0,0,0,0,0,0,0,0,0,0,0,0,0,0,0,0,0,0,0,0,0,0,0,0,0,0,0,0,1,0,0,0,0,0,0,0,0,0,0,0,0,0,0,0,0,0,0,0,0,0,0,100

DKA,0,1,0,0,0,0,0,0,0,0,0,0,0,0,0,0,0,0,0,0,0,0,0,0,0,0,0,0,0,0,0,0,0,0,0,0,0,0,0,0,0,0,0,0,0,0,0,0,0,0,0,0,1,0,0,0,0,0,0,0,0,0,0,0,0,0,0,0,0,0,0,0,0,0,0,100
DKB,1,1,0,0,0,0,0,0,0,0,0,0,0,0,0,0,0,0,0,0,0,0,0,0,0,0,0,0,0,0,0,0,0,0,0,0,0,0,0,0,0,0,0,0,0,0,0,0,0,0,0,0,1,0,0,0,0,0,0,0,0,0,0,0,0,0,0,0,0,0,0,0,0,0,0,100
DKC,2,1,0,0,0,0,0,0,0,0,0,0,0,0,0,0,0,0,0,0,0,0,0,0,0,0,0,0,0,0,0,0,0,0,0,0,0,0,0,0,0,0,0,0,0,0,0,0,0,0,0,0,1,0,0,0,0,0,0,0,0,0,0,0,0,0,0,0,0,0,0,0,0,0,0,100
DKD,3,1,0,0,0,0,0,0,0,0,0,0,0,0,0,0,0,0,0,0,0,0,0,0,0,0,0,0,0,0,0,0,0,0,0,0,0,0,0,0,0,0,0,0,0,0,0,0,0,0,0,0,1,0,0,0,0,0,0,0,0,0,0,0,0,0,0,0,0,0,0,0,0,0,0,100
DKE,4,1,0,0,0,0,0,0,0,0,0,0,0,0,0,0,0,0,0,0,0,0,0,0,0,0,0,0,0,0,0,0,0,0,0,0,0,0,0,0,0,0,0,0,0,0,0,0,0,0,0,0,1,0,0,0,0,0,0,0,0,0,0,0,0,0,0,0,0,0,0,0,0,0,0,100

DAA,0,0,800,200,0,0,800,200,0,0,800,200,0,0,800,200,0,0,800,200,0,0,800,200,0,0,800,200,0,0,800,200,0,0,800,200,0,0,800,200,0
DAB,0,0,800,200,0,0,800,200,0,0,800,200,0,0,800,200,0,0,800,200,0,0,800,200,0,0,800,200,0,0,800,200,0,0,800,200,0,0,800,200,0
DAC,0,0,800,200,0,0,800,200,0,0,800,200,0,0,800,200,0,0,800,200,0,0,800,200,0,0,800,200,0,0,800,200,0,0,800,200,0,0,800,200,0
DAD,0,0,800,200,0,0,800,200,0,0,800,200,0,0,800,200,0,0,800,200,0,0,800,200,0,0,800,200,0,0,800,200,0,0,800,200,0,0,800,200,0
DAE,0,0,800,200,0,0,800,200,0,0,800,200,0,0,800,200,0,0,800,200,0,0,800,200,0,0,800,200,0,0,800,200,0,0,800,200,0,0,800,200,0

DBA,0,0,800,200,0,0,800,200,0,0,800,200,0,0,800,200,0,0,800,200,0,0,800,200,0,0,800,200,0,0,800,200,0,0,800,200,0,0,800,200,0
DBB,0,0,800,200,0,0,800,200,0,0,800,200,0,0,800,200,0,0,800,200,0,0,800,200,0,0,800,200,0,0,800,200,0,0,800,200,0,0,800,200,0
DBC,0,0,800,200,0,0,800,200,0,0,800,200,0,0,800,200,0,0,800,200,0,0,800,200,0,0,800,200,0,0,800,200,0,0,800,200,0,0,800,200,0
DBD,0,0,800,200,0,0,800,200,0,0,800,200,0,0,800,200,0,0,800,200,0,0,800,200,0,0,800,200,0,0,800,200,0,0,800,200,0,0,800,200,0
DBE,0,0,800,200,0,0,800,200,0,0,800,200,0,0,800,200,0,0,800,200,0,0,800,200,0,0,800,200,0,0,800,200,0,0,800,200,0,0,800,200,0

DCA,0,0,800,200,0,0,800,200,0,0,800,200,0,0,800,200,0,0,800,200,0,0,800,200,0,0,800,200,0,0,800,200,0,0,800,200,0,0,800,200,0
DCB,0,0,800,200,0,0,800,200,0,0,800,200,0,0,800,200,0,0,800,200,0,0,800,200,0,0,800,200,0,0,800,200,0,0,800,200,0,0,800,200,0
DCC,0,0,800,200,0,0,800,200,0,0,800,200,0,0,800,200,0,0,800,200,0,0,800,200,0,0,800,200,0,0,800,200,0,0,800,200,0,0,800,200,0
DCD,0,0,800,200,0,0,800,200,0,0,800,200,0,0,800,200,0,0,800,200,0,0,800,200,0,0,800,200,0,0,800,200,0,0,800,200,0,0,800,200,0
DCE,0,0,800,200,0,0,800,200,0,0,800,200,0,0,800,200,0,0,800,200,0,0,800,200,0,0,800,200,0,0,800,200,0,0,800,200,0,0,800,200,0

DDA,0,0,800,200,0,0,800,200,0,0,800,200,0,0,800,200,0,0,800,200,0,0,800,200,0,0,800,200,0,0,800,200,0,0,800,200,0,0,800,200,0
DDB,0,0,800,200,0,0,800,200,0,0,800,200,0,0,800,200,0,0,800,200,0,0,800,200,0,0,800,200,0,0,800,200,0,0,800,200,0,0,800,200,0
DDC,0,0,800,200,0,0,800,200,0,0,800,200,0,0,800,200,0,0,800,200,0,0,800,200,0,0,800,200,0,0,800,200,0,0,800,200,0,0,800,200,0
DDD,0,0,800,200,0,0,800,200,0,0,800,200,0,0,800,200,0,0,800,200,0,0,800,200,0,0,800,200,0,0,800,200,0,0,800,200,0,0,800,200,0
DDE,0,0,800,200,0,0,800,200,0,0,800,200,0,0,800,200,0,0,800,200,0,0,800,200,0,0,800,200,0,0,800,200,0,0,800,200,0,0,800,200,0

